阪大東口 2024年08月21日
[22] ＪＲ茨木駅・阪急茨木市駅ゆき
月～金曜日用 土曜日用 日祝用
時刻
6 30 49 30
7 6 36 48 8 41 8 37
4 14 20 28 34 40 46 52 1 22 35 50 22 51
8
58
9 8 16 27 35 43 54 6 24 44 57 17 37 54
10 2 10 20 30 40 50 13 28 44 58 10 25 44 55
11 0 10 20 30 40 50 13 28 44 58 10 25 44 55
12 0 10 20 30 40 50 13 28 44 58 10 25 44 55
13 0 10 20 30 40 50 13 28 44 58 10 25 44 55
14 0 15 25 35 48 55 13 28 42 58 10 25 40 55
15 5 15 25 35 48 55 13 28 42 58 13 25 40 55
16 5 15 25 35 48 55 13 28 42 58 13 25 45
17 6 19 26 36 49 56 13 28 48 9 26 46
18 6 19 26 36 49 56 8 28 48 9 26 49
19 4 17 29 46 12 37 7 27 46
20 1 16 41 1 26 46 6 31
21 6 49 16 46
22
23
備考近鉄バス鳥飼営業所 Tel ０６－６３４９－５８１５（８：３０～２０：００）
バスの接近情報はこちら
2026-2
