阪大医学部病院前 2024年08月21日
[22] ＪＲ茨木駅・阪急茨木市駅ゆき
月～金曜日用 土曜日用 日祝用
時刻
6
7 美29 美41 美34 美54
3 13 19 27 33 39 45 51 美15 美28 49 美15 美44
8
57
9 7 15 美20 34 42 美47 5 23 美37 56 美10 美30 53
10 0 8 18 28 38 美43 58 11 26 美37 56 8 23 美37 53
11 8 18 28 38 美43 58 11 26 美37 56 8 23 美37 53
12 8 18 28 38 美43 58 11 26 美37 56 8 23 美37 53
13 8 18 28 38 美43 58 11 26 美37 56 8 23 美37 53
14 13 23 33 46 53 11 26 40 56 8 23 38 53
15 3 13 23 33 46 53 11 26 40 56 11 23 38 53
16 3 13 23 33 46 53 11 26 40 56 11 23 43
17 3 16 23 33 46 53 11 26 46 6 23 43
18 3 16 23 33 46 53 6 26 46 6 23 46
19 3 16 28 45 11 36 6 26 45
20 0 15 40 0 25 45 5 30
21 5 48 15 45
22
23
備考近鉄バス鳥飼営業所 Tel ０６－６３４９－５８１５（８：３０～２０：００）
美印は、茨木美穂ヶ丘を経由します
バスの接近情報はこちら
2030-2
